0.4973214286,0.8613445378
0.4937500000,0.8641456583
0.4919642857,0.8669467787
0.4901785714,0.8725490196
0.4866071429,0.8809523810
0.4866071429,0.8837535014
0.4830357143,0.8893557423
0.4758928571,0.8893557423
0.4687500000,0.8893557423
0.4580357143,0.8893557423
0.4437500000,0.8893557423
0.4276785714,0.8893557423
0.4133928571,0.8893557423
0.4026785714,0.8893557423
0.3901785714,0.8893557423
0.3830357143,0.8893557423
0.3758928571,0.8893557423
0.3651785714,0.8837535014
0.3562500000,0.8781512605
0.3473214286,0.8669467787
0.3437500000,0.8613445378
0.3401785714,0.8529411765
0.3312500000,0.8389355742
0.3294642857,0.8277310924
0.3258928571,0.8137254902
0.3241071429,0.7997198880
0.3223214286,0.7941176471
0.3223214286,0.7885154062
0.3223214286,0.7773109244
0.3223214286,0.7717086835
0.3223214286,0.7605042017
0.3223214286,0.7521008403
0.3223214286,0.7492997199
0.3223214286,0.7324929972
0.3223214286,0.7296918768
0.3223214286,0.7212885154
0.3223214286,0.7128851541
0.3258928571,0.6932773109
0.3312500000,0.6848739496
0.3366071429,0.6764705882
0.3437500000,0.6680672269
0.3526785714,0.6652661064
0.3651785714,0.6540616246
0.3758928571,0.6512605042
0.3794642857,0.6512605042
0.3883928571,0.6484593838
0.3901785714,0.6484593838
0.3866071429,0.6484593838
0.3794642857,0.6428571429
0.3758928571,0.6344537815
0.3723214286,0.6316526611
0.3651785714,0.6288515406
0.3633928571,0.6260504202
0.3562500000,0.6176470588
0.3508928571,0.6092436975
0.3437500000,0.5952380952
0.3383928571,0.5924369748
0.3348214286,0.5812324930
0.3258928571,0.5644257703
0.3223214286,0.5588235294
0.3187500000,0.5504201681
0.3133928571,0.5364145658
0.3116071429,0.5336134454
0.3080357143,0.5196078431
0.3062500000,0.5112044818
0.3008928571,0.4971988796
0.3008928571,0.4943977591
0.3008928571,0.4859943978
0.3008928571,0.4747899160
0.3008928571,0.4719887955
0.2991071429,0.4607843137
0.2991071429,0.4495798319
0.2991071429,0.4355742297
0.2991071429,0.4299719888
0.2991071429,0.4131652661
0.2991071429,0.3991596639
0.2991071429,0.3879551821
0.2991071429,0.3711484594
0.2991071429,0.3571428571
0.2991071429,0.3515406162
0.3008928571,0.3347338936
0.3026785714,0.3207282913
0.3026785714,0.3067226891
0.3080357143,0.2955182073
0.3133928571,0.2843137255
0.3187500000,0.2731092437
0.3276785714,0.2619047619
0.3330357143,0.2563025210
0.3437500000,0.2478991597
0.3544642857,0.2450980392
0.3723214286,0.2394957983
0.3919642857,0.2338935574
0.4080357143,0.2338935574
0.4276785714,0.2226890756
0.4437500000,0.2226890756
0.4723214286,0.2226890756
0.4919642857,0.2226890756
0.5116071429,0.2226890756
0.5276785714,0.2226890756
0.5508928571,0.2226890756
0.5598214286,0.2226890756
0.5651785714,0.2226890756
0.5669642857,0.2226890756
0.5687500000,0.2226890756
0.5705357143,0.2282913165
0.5705357143,0.2338935574
0.5705357143,0.2366946779
0.5705357143,0.2394957983
0.5723214286,0.2450980392
0.5723214286,0.2507002801
0.5776785714,0.2619047619
0.5776785714,0.2703081232
0.5776785714,0.2787114846
0.5776785714,0.2955182073
0.5812500000,0.3123249300
0.5848214286,0.3459383754
0.4258928571,0.9537815126
