0.2955357143,0.6736694678
0.2937500000,0.6736694678
0.2937500000,0.6764705882
0.2937500000,0.6792717087
0.2937500000,0.6848739496
0.2937500000,0.6876750700
0.2937500000,0.6932773109
0.2937500000,0.6988795518
0.2937500000,0.7044817927
0.2937500000,0.7100840336
0.2937500000,0.7128851541
0.2955357143,0.7128851541
0.2955357143,0.7156862745
0.2973214286,0.7184873950
0.2973214286,0.7212885154
0.2991071429,0.7212885154
0.2991071429,0.7240896359
0.3008928571,0.7240896359
0.3026785714,0.7268907563
0.3044642857,0.7296918768
0.3062500000,0.7296918768
0.3080357143,0.7296918768
0.3080357143,0.7324929972
0.3098214286,0.7352941176
0.3116071429,0.7352941176
0.3133928571,0.7380952381
0.3133928571,0.7408963585
0.3151785714,0.7408963585
0.3169642857,0.7408963585
0.3187500000,0.7408963585
0.3187500000,0.7436974790
0.3187500000,0.7464985994
0.3205357143,0.7492997199
0.3223214286,0.7492997199
0.3241071429,0.7492997199
0.3241071429,0.7521008403
0.3258928571,0.7521008403
0.3276785714,0.7521008403
0.3276785714,0.7549019608
0.3276785714,0.7577030812
0.3294642857,0.7577030812
0.3312500000,0.7577030812
0.3330357143,0.7605042017
0.3348214286,0.7605042017
0.3366071429,0.7633053221
0.3383928571,0.7633053221
0.3383928571,0.7661064426
0.3401785714,0.7661064426
0.3419642857,0.7661064426
0.3419642857,0.7689075630
0.3437500000,0.7689075630
0.3455357143,0.7689075630
0.3455357143,0.7717086835
0.3473214286,0.7717086835
0.3491071429,0.7717086835
0.3508928571,0.7745098039
0.3526785714,0.7773109244
0.3508928571,0.7773109244
0.3491071429,0.7745098039
0.3491071429,0.7717086835
0.3473214286,0.7689075630
0.3473214286,0.7661064426
0.3455357143,0.7661064426
0.3455357143,0.7633053221
0.3437500000,0.7605042017
0.3437500000,0.7577030812
0.3437500000,0.7549019608
0.3419642857,0.7521008403
0.3419642857,0.7492997199
0.3401785714,0.7492997199
0.3401785714,0.7464985994
0.3401785714,0.7436974790
0.3401785714,0.7408963585
0.3401785714,0.7380952381
0.3401785714,0.7352941176
0.3401785714,0.7324929972
0.3401785714,0.7296918768
0.3401785714,0.7240896359
0.3401785714,0.7212885154
0.3383928571,0.7184873950
0.3383928571,0.7156862745
0.3383928571,0.7128851541
0.3383928571,0.7100840336
0.3383928571,0.7072829132
0.3383928571,0.7016806723
0.3366071429,0.7016806723
0.3366071429,0.6988795518
0.3366071429,0.6932773109
0.3366071429,0.6876750700
0.3366071429,0.6848739496
0.3366071429,0.6820728291
0.3366071429,0.6792717087
0.3366071429,0.6764705882
0.3366071429,0.6736694678
0.3366071429,0.6708683473
0.3366071429,0.6680672269
0.3366071429,0.6652661064
0.3366071429,0.6596638655
0.3366071429,0.6568627451
0.3366071429,0.6512605042
0.3366071429,0.6456582633
0.3383928571,0.6428571429
0.3383928571,0.6372549020
0.3401785714,0.6344537815
0.3419642857,0.6316526611
0.3437500000,0.6260504202
0.3437500000,0.6232492997
0.3473214286,0.6204481793
0.3473214286,0.6176470588
0.3491071429,0.6148459384
0.3508928571,0.6148459384
0.3526785714,0.6120448179
0.3526785714,0.6092436975
0.3562500000,0.6064425770
0.3580357143,0.6064425770
0.3616071429,0.6036414566
0.3633928571,0.6008403361
0.3651785714,0.5980392157
0.3669642857,0.5980392157
0.3705357143,0.5952380952
0.3723214286,0.5952380952
0.3741071429,0.5924369748
0.3776785714,0.5924369748
0.3812500000,0.5896358543
0.3848214286,0.5896358543
0.3901785714,0.5896358543
0.3937500000,0.5896358543
0.3991071429,0.5896358543
0.4044642857,0.5896358543
0.4098214286,0.5896358543
0.4169642857,0.5896358543
0.4223214286,0.5896358543
0.4276785714,0.5896358543
0.4330357143,0.5896358543
0.4348214286,0.5896358543
0.4366071429,0.5896358543
0.4383928571,0.5896358543
0.4383928571,0.5924369748
0.4383928571,0.5952380952
0.4401785714,0.5980392157
0.4419642857,0.6008403361
0.4419642857,0.6036414566
0.4419642857,0.6064425770
0.4437500000,0.6120448179
0.4437500000,0.6148459384
0.4437500000,0.6176470588
0.4437500000,0.6204481793
0.4437500000,0.6232492997
0.4437500000,0.6260504202
0.4419642857,0.6288515406
0.4419642857,0.6316526611
0.3044642857,0.7969187675
